{
 "cells": [
  {
   "cell_type": "code",
   "execution_count": 7,
   "metadata": {},
   "outputs": [],
   "source": [
    "import numpy as np\n",
    "\n",
    "class MyRegressor:\n",
    "    def __init__(self) -> None:\n",
    "        self.W = []\n",
    "        self.X = []\n",
    "\n",
    "    def get_parameters(self):\n",
    "        return self.W\n",
    "    \n",
    "    def train(self, training_input_set, training_output_set):\n",
    "        self.X = [[1] + line.copy() for line in training_input_set]\n",
    "        XT = self.__transpose_matrix(self.X)\n",
    "        P = self.__product(self.X,XT)\n",
    "        P_Invers = self.__inversa(P)\n",
    "\n",
    "        A = self.__product(P_Invers, XT)\n",
    "        Y = [[el] for el in training_output_set]\n",
    "\n",
    "        self.W = self.__product(A,Y)\n",
    "        \n",
    "    def __transpose_matrix(self, A):\n",
    "        n, m = len(A), len(A[-1])\n",
    "        XT = [[] for i in range(m)]\n",
    "        for i in range(n):\n",
    "            for j in range(m):\n",
    "                XT[j].append(A[i][j])\n",
    "        return XT\n",
    "\n",
    "    def __product(self,A,B):\n",
    "        a = np.array(A)\n",
    "        b = np.array(B)\n",
    "        return np.matmul(a,b)\n",
    "        nr_lines = len(A)\n",
    "        nr_cols = len(B[-1])\n",
    "        prod = []\n",
    "        for i in range(nr_lines):\n",
    "            prod.append([])\n",
    "            for j in range(nr_cols):\n",
    "                prod[i].append(sum([A[i][k] * B[k][j] for k in range(len(A[i]))]))\n",
    "\n",
    "        return prod          \n",
    "\n",
    "    def __elimLinCol(self, A, i:int, j:int):\n",
    "        B  = [ A[k].copy() for k in range(len(A)) if k != i ]\n",
    "        for line in B:\n",
    "            line.pop(j)\n",
    "        return B\n",
    "\n",
    "    def __determinant(self, A):\n",
    "        arr = np.array(A)\n",
    "        return np.linalg.det(arr)\n",
    "        if len(A) == 1:\n",
    "            return A[-1][-1]\n",
    "        return sum(((-1) ** j) * A[0][j] * self.__determinant(self.__elimLinCol(A,0,j)) for j in range(len(A[0])))\n",
    "\n",
    "    def __inversa(self, A):\n",
    "        for line in A:\n",
    "            print(line)\n",
    "        dA = self.__determinant(A)\n",
    "        print(dA)\n",
    "        B = []\n",
    "        nr_lines = len(A)\n",
    "        nr_cols = len(A[-1])\n",
    "        for i in range(nr_lines):\n",
    "            B.append([])\n",
    "            for j in range(nr_cols):\n",
    "                B.append(self.__determinant(self.__elimLinCol(A,i,j))/dA)\n",
    "        \n",
    "        return B\n",
    "\n"
   ]
  },
  {
   "cell_type": "code",
   "execution_count": 8,
   "metadata": {},
   "outputs": [],
   "source": [
    "regresor = MyRegressor()"
   ]
  },
  {
   "cell_type": "code",
   "execution_count": 9,
   "metadata": {},
   "outputs": [],
   "source": [
    "import pandas as pd\n",
    "import numpy as np"
   ]
  },
  {
   "cell_type": "code",
   "execution_count": 10,
   "metadata": {},
   "outputs": [],
   "source": [
    "def getTrainingAndValidationSets(df_world_happiness):\n",
    "    dataSize = df_world_happiness.shape[0]\n",
    "    trainingIndexSet = np.random.choice(range(dataSize),size=int(0.8 * dataSize),replace=False)\n",
    "    validationIndexSet = [i for i in range(dataSize) if i not in trainingIndexSet] \n",
    "\n",
    "    trainingInputSet = [df_world_happiness[\"Economy..GDP.per.Capita.\"].iloc[index] for index in trainingIndexSet ]\n",
    "    trainingOutputSet = [df_world_happiness[\"Happiness.Score\"].iloc[index] for index in trainingIndexSet ]\n",
    "\n",
    "    validationInputSet = [df_world_happiness[\"Economy..GDP.per.Capita.\"].iloc[index] for index in validationIndexSet ]\n",
    "    validationOutputSet = [df_world_happiness[\"Happiness.Score\"].iloc[index] for index in validationIndexSet ]\n",
    "    \n",
    "    return trainingInputSet, trainingOutputSet, validationInputSet, validationOutputSet"
   ]
  },
  {
   "cell_type": "code",
   "execution_count": 11,
   "metadata": {},
   "outputs": [],
   "source": [
    "world_happiness = pd.read_csv(\"datas/v1_world-happiness-report-2017.csv\",delimiter=',', header='infer')"
   ]
  },
  {
   "cell_type": "code",
   "execution_count": 12,
   "metadata": {},
   "outputs": [
    {
     "name": "stdout",
     "output_type": "stream",
     "text": [
      "[1.02621981 1.0976489  1.13888323 1.21751103 1.21717522 1.16025779\n",
      " 1.21296019 1.26441637 1.22416908 1.01483601 1.1827216  1.24036438\n",
      " 1.10500166 1.20908048 1.18153919 1.17968956 1.00366651 1.23375086\n",
      " 1.11770086 1.24866981 1.27402262 1.25340983 1.18672967 1.2080022\n",
      " 1.17680051 1.09137533 1.06980365 1.18169547 1.         1.17840983\n",
      " 1.09499883 1.1831014  1.07710568 1.18732706 1.06085907 1.1470242\n",
      " 1.24003536 1.12768583 1.20880069 1.0709254  1.06500933 1.19402059\n",
      " 1.0594445  1.23702318 1.01927588 1.09654313 1.19796282 1.23952066\n",
      " 1.06176329 1.07769504 1.22589662 1.14486681 1.24197915 1.19403097\n",
      " 1.17506813 1.17238213 1.21956072 1.05671074 1.08276585 1.25125546\n",
      " 1.13500631 1.11938742 1.20823791 1.08436654 1.20285756 1.30292435\n",
      " 1.22943446 1.09744101 1.04951817 1.10679246 1.09075582 1.16130884\n",
      " 1.12828069 1.14582942 1.05965668 1.16762919 1.11597889 1.20755234\n",
      " 1.04945924 1.03959883 1.22270925 1.21903354 1.14218899 1.1731496\n",
      " 1.16047001 1.23214045 1.1309918  1.05493055 1.20414714 1.1080406\n",
      " 1.19977512 1.26174634 1.12690999 1.11802262 1.03780018 1.24093249\n",
      " 1.14337134 1.16633551 1.15616635 1.22761942 1.15392827 1.03794002\n",
      " 1.24079872 1.13900127 1.19717387 1.23975199 1.12584078 1.18679735\n",
      " 1.14987474 1.21388382 1.19259327 1.08496443 1.16205817 1.12734473\n",
      " 1.16120292 1.05968734 1.22696725 1.28206479 1.07761227 1.09580854\n",
      " 1.18806965 1.10305038 1.17855676 1.17477797]\n",
      "[1.0976489  1.363668   1.51723459 1.81006346 1.8088128  1.59683861\n",
      " 1.79311504 1.98475021 1.83485964 1.05525289 1.68049922 1.89517482\n",
      " 1.39105147 1.77866607 1.67609566 1.66920718 1.01365495 1.87054449\n",
      " 1.43834633 1.92610623 2.02052622 1.94375923 1.69542626 1.77465027\n",
      " 1.65844769 1.34030374 1.25996559 1.67667767 1.         1.66444115\n",
      " 1.35379854 1.68191371 1.28716013 1.69765108 1.22665385 1.54755353\n",
      " 1.89394948 1.47553276 1.77762403 1.26414326 1.2421104  1.72257939\n",
      " 1.22138562 1.88273141 1.07178802 1.35954987 1.73726122 1.89203263\n",
      " 1.23002138 1.28935505 1.84129342 1.53951889 1.90118863 1.72261807\n",
      " 1.65199586 1.64199258 1.81769699 1.21120444 1.30823994 1.93573584\n",
      " 1.502796   1.44462749 1.77552811 1.3142013  1.75549041 2.12816323\n",
      " 1.85446917 1.36289379 1.1844176  1.39772083 1.33799653 1.60075296\n",
      " 1.47774817 1.54310389 1.22217584 1.62429148 1.43193332 1.7729749\n",
      " 1.18419811 1.14747557 1.82942289 1.81573363 1.52954605 1.64485081\n",
      " 1.59762895 1.86454693 1.48784502 1.2045746  1.7602931  1.40236921\n",
      " 1.74401066 1.97480638 1.47264336 1.43954465 1.14077697 1.89729059\n",
      " 1.5339494  1.61947348 1.58160108 1.84770951 1.57326594 1.14129777\n",
      " 1.8967924  1.51767419 1.73432297 1.89289414 1.46866136 1.6956783\n",
      " 1.5581696  1.79655486 1.7172637  1.31642799 1.60354366 1.47426245\n",
      " 1.60035847 1.22229002 1.84528067 2.05047721 1.28904679 1.35681406\n",
      " 1.70041665 1.38378442 1.66498837 1.65091523]\n",
      "[1.13888323 1.51723459 1.73564794 2.15213006 2.15035129 1.84886646\n",
      " 2.12802482 2.40058204 2.18739696 1.07858461 1.96785456 2.27318153\n",
      " 1.55618131 2.10747445 1.96159149 1.95179421 1.01942104 2.23815051\n",
      " 1.62344743 2.31717438 2.45146523 2.34228173 1.98908486 2.1017629\n",
      " 1.9364913  1.48400427 1.36974162 1.96241928 1.         1.94501562\n",
      " 1.50319753 1.96986634 1.40841964 1.99224916 1.32236328 1.77876972\n",
      " 2.27143875 1.67633664 2.1059924  1.3756834  1.34434669 2.02770398\n",
      " 1.31487043 2.25548361 1.10210205 1.51137749 2.04858552 2.26871247\n",
      " 1.32715283 1.4115414  2.19654754 1.76734228 2.28173479 2.02775899\n",
      " 1.92731505 1.91308766 2.16298702 1.30039004 1.43840084 2.3308703\n",
      " 1.71511235 1.63238095 2.10301143 1.44687951 2.07451238 2.60455426\n",
      " 2.21528704 1.51613345 1.26229188 1.56566695 1.48072279 1.85443374\n",
      " 1.67948754 1.77244112 1.31599434 1.8879119  1.6143264  2.09938007\n",
      " 1.26197969 1.20975028 2.17966443 2.16019459 1.75315819 1.91715285\n",
      " 1.84999055 2.22962035 1.693848   1.2909606  2.08134311 1.57227821\n",
      " 2.05818507 2.3864392  1.67222713 1.62515177 1.20022305 2.27619072\n",
      " 1.75942094 1.8810594  1.82719456 2.20567297 1.81533974 1.20096377\n",
      " 2.27548216 1.73627318 2.04440654 2.26993778 1.66656363 1.98944333\n",
      " 1.79386865 2.13291717 2.02014363 1.45004647 1.85840287 1.6745299\n",
      " 1.85387267 1.31615673 2.2022185  2.49406366 1.41110297 1.50748643\n",
      " 1.99618255 1.5458456  1.94579392 1.92577809]\n",
      "[1.21751103 1.81006346 2.15213006 2.80440072 2.80161492 2.32944648\n",
      " 2.76664846 3.19351211 2.85963374 1.12307475 2.51579888 2.99398465\n",
      " 1.8710596  2.73446364 2.50599003 2.49064608 1.03041613 2.93912106\n",
      " 1.97640799 3.06288377 3.27320248 3.10220548 2.54904857 2.72551854\n",
      " 2.46667952 1.75802002 1.57906834 2.50728645 1.         2.48002984\n",
      " 1.78807941 2.51894963 1.63964366 2.55400432 1.50486707 2.21966494\n",
      " 2.99125521 2.05924006 2.73214254 1.58837401 1.53929625 2.60953166\n",
      " 1.4931322  2.96626718 1.15990644 1.80089041 2.64223514 2.98698547\n",
      " 1.51236819 1.64453279 2.87396486 2.20176793 3.00738029 2.60961781\n",
      " 2.45230821 2.43002608 2.82140428 1.47045383 1.68659852 3.08433353\n",
      " 2.11996839 1.99039916 2.7274739  1.69987734 2.68284031 3.51296183\n",
      " 2.90331359 1.80833892 1.41078665 1.88591548 1.75288076 2.33816564\n",
      " 2.06417483 2.20975344 1.49489241 2.39059724 1.96212315 2.72178668\n",
      " 1.41029773 1.32849899 2.84752348 2.81703093 2.17955361 2.43639275\n",
      " 2.33120697 2.92576162 2.08666537 1.45568599 2.69353821 1.89626965\n",
      " 2.6572694  3.17136241 2.05280398 1.97907722 1.31357798 2.99869748\n",
      " 2.18936198 2.37986523 2.29550519 2.88825659 2.27693883 1.31473806\n",
      " 2.99758777 2.15310927 2.63569025 2.98890448 2.04393414 2.54960999\n",
      " 2.24331203 2.77431059 2.59769106 1.70483725 2.34438186 2.05641046\n",
      " 2.33728692 1.49514673 2.88284639 3.33991771 1.64384615 1.79479645\n",
      " 2.56016458 1.8548724  2.48124876 2.44990111]\n",
      "[1.21717522 1.8088128  2.15035129 2.80161492 2.79883341 2.32739396\n",
      " 2.76392094 3.19012555 2.85676266 1.12288473 2.51345865 2.99090615\n",
      " 1.86971478 2.73178581 2.50366494 2.48834467 1.03036917 2.93612726\n",
      " 1.97490052 3.05969889 3.26969289 3.0989599  2.546657   2.72285452\n",
      " 2.46441512 1.75684972 1.57817432 2.50495936 1.         2.47774483\n",
      " 1.7868627  2.51660453 1.63865611 2.5516051  1.50408761 2.2177819\n",
      " 2.98818092 2.0576047  2.72946829 1.58746563 1.53846363 2.60704671\n",
      " 1.49237086 2.96323147 1.15965956 1.79965392 2.6396997  2.98391777\n",
      " 1.51157715 1.6435377  2.87107166 2.19991252 3.0042811  2.60713273\n",
      " 2.450066   2.42781827 2.81859222 1.46972749 1.68553848 3.08111554\n",
      " 2.11823927 1.98887008 2.72480686 1.6987968  2.68024218 3.50908208\n",
      " 2.90037507 1.80709093 1.41015244 1.88454771 1.75171839 2.33609965\n",
      " 2.06253186 2.20788571 1.49412834 2.3884503  1.96063773 2.71912842\n",
      " 1.40966427 1.32799182 2.8446711  2.81422563 2.1777325  2.4341751\n",
      " 2.32915172 2.92278844 2.08498767 1.45498245 2.69092356 1.89488591\n",
      " 2.65471075 3.16801005 2.05117856 1.97756563 1.31309385 2.9956117\n",
      " 2.18752573 2.37773486 2.29350506 2.88534132 2.27496737 1.31425213\n",
      " 2.9945037  2.15132899 2.63316491 2.98583382 2.04232241 2.54721756\n",
      " 2.24139248 2.77157124 2.59522439 1.70374905 2.34230628 2.05477947\n",
      " 2.33522229 1.49438228 2.87993947 3.33630513 1.64285211 1.79356936\n",
      " 2.55775585 1.85355256 2.47896187 2.44766262]\n",
      "[1.16025779 1.59683861 1.84886646 2.32944648 2.32739396 1.97950967\n",
      " 2.30163137 2.61613599 2.37014107 1.09067902 2.1168104  2.46912814\n",
      " 1.64177935 2.27791823 2.10958343 2.09827831 1.02241    2.42870574\n",
      " 1.71939794 2.51989164 2.67485027 2.54886309 2.14130811 2.27132766\n",
      " 2.08062024 1.55849404 1.42664601 2.11053861 1.         2.09045648\n",
      " 1.5806412  2.11913181 1.4712767  2.14495941 1.37197599 1.89862481\n",
      " 2.46711715 1.78042696 2.27620809 1.43350225 1.39734273 2.18587084\n",
      " 1.36332998 2.44870646 1.11781588 1.59008009 2.20996611 2.46397128\n",
      " 1.37750267 1.47487891 2.38069995 1.88543865 2.47899778 2.18593431\n",
      " 2.07003174 2.05361471 2.34197437 1.346621   1.5058721  2.5356954\n",
      " 1.82517038 1.72970635 2.27276834 1.51565567 2.23988319 2.85150018\n",
      " 2.40232351 1.595568   1.30265942 1.65272486 1.55470754 1.98593377\n",
      " 1.7840628  1.89132222 1.36462686 2.02456432 1.70887316 2.2685781\n",
      " 1.30229919 1.24203151 2.36121847 2.33875217 1.86907159 2.05830554\n",
      " 1.98080676 2.41886277 1.80063338 1.33574035 2.24776519 1.66035361\n",
      " 2.22104306 2.59981654 1.77568498 1.72136458 1.23103801 2.47260046\n",
      " 1.8762982  2.01665719 1.9545024  2.39122982 1.94082307 1.23189273\n",
      " 2.47178285 1.84958792 2.20514397 2.46538518 1.76914986 2.14172175\n",
      " 1.91604752 2.30727667 2.17714692 1.51931003 1.99051376 1.77834217\n",
      " 1.98528634 1.36481424 2.38724369 2.72400473 1.47437301 1.58559018\n",
      " 2.14949816 1.62985294 2.09135456 2.06825824]\n",
      "[1.21296019 1.79311504 2.12802482 2.76664846 2.76392094 2.30163137\n",
      " 2.72968606 3.14761872 2.82072587 1.12049974 2.48408484 2.95226585\n",
      " 1.85283501 2.69817462 2.47448121 2.45945829 1.02977976 2.89855013\n",
      " 1.95597926 3.01972343 3.22564178 3.05822245 2.51663887 2.68941667\n",
      " 2.43599317 1.74216047 1.56695288 2.47575051 1.         2.44906417\n",
      " 1.77159096 2.48716966 1.62626082 2.52149093 1.49430408 2.1941467\n",
      " 2.94959352 2.03707829 2.69590208 1.57606386 1.52801292 2.5758565\n",
      " 1.48281473 2.92512829 1.15656083 1.78413391 2.60787575 2.9454131\n",
      " 1.50164825 1.63104766 2.83475715 2.17662414 2.96538122 2.57594085\n",
      " 2.42192254 2.4001066  2.78329626 1.46061084 1.67223328 3.04072442\n",
      " 2.09653604 1.9696777  2.69133112 1.68523427 2.64763137 3.46038481\n",
      " 2.86349184 1.79142659 1.40219204 1.86738006 1.73712874 2.3101681\n",
      " 2.04190981 2.18444258 1.4845381  2.3615027  1.94199329 2.68576289\n",
      " 1.40171335 1.32162603 2.80886898 2.77901441 2.1548746  2.40634006\n",
      " 2.30335502 2.8854702  2.0639298  1.44615197 2.65810544 1.87751761\n",
      " 2.62259546 3.12593245 2.03077687 1.95859265 1.3070172  2.95688007\n",
      " 2.16447776 2.35099523 2.2684002  2.84874987 2.25022229 1.308153\n",
      " 2.95579358 2.12898354 2.6014678  2.94729197 2.0220926  2.51718854\n",
      " 2.21729904 2.73718788 2.56426364 1.69009041 2.31625426 2.03430789\n",
      " 2.30930776 1.48478711 2.84345286 3.29096118 1.63037538 1.77816745\n",
      " 2.5275223  1.83698647 2.45025759 2.4195658 ]\n",
      "[1.26441637 1.98475021 2.40058204 3.19351211 3.19012555 2.61613599\n",
      " 3.14761872 3.66653371 3.26065589 1.1496153  2.8426745  3.42397901\n",
      " 2.05889992 3.10849339 2.83075041 2.81209759 1.03697524 3.35728431\n",
      " 2.18696624 3.50773592 3.76340897 3.5555372  2.88309434 3.09761931\n",
      " 2.78296276 1.92148383 1.70394197 2.8323264  1.         2.79919202\n",
      " 1.9580254  2.84650469 1.7775801  2.88911878 1.61373952 2.48268052\n",
      " 3.42066098 2.2876607  3.10567174 1.71525438 1.65559321 2.95662035\n",
      " 1.59947407 3.39028438 1.19438959 1.97359903 2.9963762  3.41547048\n",
      " 1.62285822 1.78352356 3.27807746 2.46092409 3.44026335 2.95672508\n",
      " 2.76549233 2.73840515 3.21418241 1.5719052  1.83466058 3.53381124\n",
      " 2.36148483 2.20397454 3.09999634 1.85080292 3.0457377  4.05487141\n",
      " 3.31375511 1.98265379 1.49937106 2.0769594  1.91523631 2.6267354\n",
      " 2.29365963 2.47063165 1.60161386 2.69047365 2.16960093 3.09308269\n",
      " 1.4987767  1.39933841 3.2459341  3.20886596 2.43391936 2.74614476\n",
      " 2.61827612 3.34104396 2.32100016 1.55395274 3.05874256 2.08954641\n",
      " 3.01465253 3.63960752 2.2798367  2.19021108 1.38119975 3.42970814\n",
      " 2.44584286 2.67742733 2.5748754  3.29545114 2.55230528 1.38260999\n",
      " 3.42835912 2.4017724  2.98841993 3.41780332 2.26905412 2.88377683\n",
      " 2.511427   3.15693316 2.94222637 1.85683242 2.63429212 2.2842209\n",
      " 2.62566719 1.60192303 3.28887425 3.84451107 1.78268884 1.96619094\n",
      " 2.89660747 2.03922201 2.80067379 2.76256615]\n",
      "[1.22416908 1.83485964 2.18739696 2.85963374 2.85676266 2.37014107\n",
      " 2.82072587 3.26065589 2.91655745 1.12684209 2.56219774 3.05502087\n",
      " 1.89772289 2.78755587 2.55208864 2.53627501 1.03134718 2.99847789\n",
      " 2.00629601 3.12602899 3.34278559 3.16655435 2.59646521 2.77833696\n",
      " 2.51157484 1.78122314 1.59679372 2.55342475 1.         2.52533381\n",
      " 1.81220266 2.56544494 1.65922326 2.60157266 1.52032114 2.25699909\n",
      " 3.05220788 2.09166358 2.78516371 1.60638424 1.5558042  2.6587997\n",
      " 1.50822706 3.02645496 1.1648012  1.8254058  2.69250424 3.04780743\n",
      " 1.52805187 1.66426205 2.93132725 2.23855425 3.06882654 2.65888848\n",
      " 2.49676361 2.47379942 2.87715778 1.4848545  1.70761542 3.14813534\n",
      " 2.15425081 2.02071544 2.78035218 1.7213007  2.73435234 3.58988402\n",
      " 2.96157435 1.83308231 1.4233609  1.9130335  1.77592657 2.37912712\n",
      " 2.0967494  2.2467842  1.51004115 2.43316366 1.9915739  2.77449086\n",
      " 1.42285701 1.3385544  2.90407649 2.87265056 2.21565995 2.48036097\n",
      " 2.37195544 2.98470951 2.11992838 1.46963461 2.7453777  1.92370462\n",
      " 2.7079987  3.23782818 2.08503049 2.00904694 1.32317666 3.05987795\n",
      " 2.22576856 2.42210314 2.33516082 2.94605645 2.31602614 1.32437224\n",
      " 3.05873428 2.18840614 2.68575901 3.04978519 2.07588914 2.59704382\n",
      " 2.28137002 2.82862254 2.64659666 1.72641244 2.38553362 2.08874736\n",
      " 2.3782215  1.51030326 2.94048064 3.411543   1.66355439 1.8191253\n",
      " 2.60792148 1.88104019 2.52659004 2.49428283]\n",
      "[1.01483601 1.05525289 1.07858461 1.12307475 1.12288473 1.09067902\n",
      " 1.12049974 1.1496153  1.12684209 1.0083947  1.10338977 1.13600591\n",
      " 1.05941332 1.11830447 1.10272072 1.10167414 1.00207463 1.13226377\n",
      " 1.06659894 1.14070539 1.15505083 1.14338745 1.10565766 1.11769435\n",
      " 1.10003943 1.05170311 1.03949715 1.10280915 1.         1.10095003\n",
      " 1.0537534  1.10360467 1.04362888 1.10599569 1.03443602 1.08319103\n",
      " 1.13581974 1.07224875 1.11814616 1.04013188 1.03678437 1.1097831\n",
      " 1.03363561 1.13411535 1.01090691 1.05462721 1.11201374 1.13552851\n",
      " 1.03494766 1.04396236 1.12781959 1.08197031 1.1369196  1.10978898\n",
      " 1.09905919 1.09753937 1.12423453 1.03208876 1.04683158 1.14216843\n",
      " 1.07639092 1.06755325 1.11782772 1.0477373  1.11478334 1.17140436\n",
      " 1.12982141 1.05513526 1.02801898 1.06042661 1.05135257 1.09127374\n",
      " 1.07258535 1.08251499 1.03375567 1.09485    1.06562459 1.1174398\n",
      " 1.02798563 1.02240629 1.12601607 1.12393623 1.08045511 1.09797362\n",
      " 1.0907991  1.13135255 1.07411938 1.03108148 1.11551303 1.06113285\n",
      " 1.1130392  1.14810451 1.07180976 1.066781   1.02138856 1.13632736\n",
      " 1.08112412 1.09411799 1.08836395 1.1287944  1.08709757 1.02146769\n",
      " 1.13625167 1.07865139 1.11156733 1.1356594  1.07120477 1.10569596\n",
      " 1.08480395 1.12102236 1.10897548 1.04807561 1.09169774 1.07205575\n",
      " 1.0912138  1.03377302 1.12842538 1.15960135 1.04391552 1.05421156\n",
      " 1.10641587 1.05830922 1.10103317 1.098895  ]\n",
      "[1.1827216  1.68049922 1.96785456 2.51579888 2.51345865 2.1168104\n",
      " 2.48408484 2.8426745  2.56219774 1.10338977 2.27335698 2.67506013\n",
      " 1.73173944 2.45704777 2.26511698 2.25222719 1.02555128 2.6289716\n",
      " 1.82023806 2.73293929 2.90961892 2.76597176 2.3012886  2.44953337\n",
      " 2.23209393 1.63677978 1.48645022 2.26620605 1.         2.24330896\n",
      " 1.66203137 2.27600378 1.53733693 2.30545171 1.42411696 2.02458768\n",
      " 2.67276724 1.88982169 2.45509791 1.49426752 1.45303942 2.35209782\n",
      " 1.414259   2.65177588 1.13433047 1.67279334 2.3795706  2.66918042\n",
      " 1.43041832 1.54144408 2.5742367  2.00955317 2.68631322 2.35217019\n",
      " 2.22002121 2.20130296 2.53008283 1.39520788 1.57678167 2.75095831\n",
      " 1.94083692 1.83199143 2.45117599 1.58793663 2.41368124 3.11103037\n",
      " 2.5988913  1.67905051 1.34508407 1.74421921 1.63246251 2.12413499\n",
      " 1.89396717 2.01626146 1.41573767 2.1681805  1.80823798 2.4463984\n",
      " 1.34467335 1.27595777 2.55202444 2.52640897 1.99089189 2.20665132\n",
      " 2.11828931 2.61774891 1.9128605  1.38280206 2.42266808 1.75291731\n",
      " 2.39220023 2.82406749 1.88441501 1.82248036 1.26342328 2.67901917\n",
      " 1.99913148 2.159165   2.08829778 2.58624256 2.07270099 1.26439781\n",
      " 2.67808695 1.96867714 2.37407252 2.6707925  1.87696384 2.30176023\n",
      " 2.04445257 2.49052146 2.34215105 1.59210324 2.12935696 1.88744466\n",
      " 2.12339681 1.41595132 2.58169769 2.96566351 1.54086726 1.66767406\n",
      " 2.31062667 1.71814127 2.24433292 2.21799911]\n",
      "[1.24036438 1.89517482 2.27318153 2.99398465 2.99090615 2.46912814\n",
      " 2.95226585 3.42397901 3.05502087 1.13600591 2.67506013 3.2034877\n",
      " 1.96257968 2.91669945 2.66422069 2.64726458 1.03361188 3.14285973\n",
      " 2.07899677 3.27962587 3.51204225 3.32307902 2.71180328 2.90681451\n",
      " 2.62077992 1.83766331 1.63990962 2.66565332 1.         2.63553292\n",
      " 1.87088097 2.67854192 1.70684944 2.71727972 1.55791221 2.34781212\n",
      " 3.20047148 2.1705318  2.91413448 1.65019302 1.59595878 2.77864117\n",
      " 1.54494438 3.17285802 1.17670742 1.88503799 2.81478073 3.19575313\n",
      " 1.56620145 1.71225226 3.07085772 2.32803472 3.21829078 2.77873638\n",
      " 2.60489865 2.58027539 3.01277473 1.51988325 1.75873773 3.30332931\n",
      " 2.2376407  2.09445795 2.90897532 1.77341172 2.85965219 3.77699252\n",
      " 3.10329005 1.8932691  1.45394699 1.97899643 1.83198408 2.4787634\n",
      " 2.17598505 2.33685925 1.54688953 2.53670386 2.06321105 2.90269055\n",
      " 1.4534067  1.36301357 3.04163821 3.00794189 2.3034864  2.58731099\n",
      " 2.4710736  3.12809664 2.20083862 1.50356379 2.87147409 1.99043849\n",
      " 2.8313946  3.39950209 2.16341949 2.08194645 1.34652485 3.20869569\n",
      " 2.31432531 2.52484426 2.43162072 3.08665105 2.41110364 1.34780681\n",
      " 3.20746939 2.27426361 2.80754818 3.19787377 2.15361772 2.71242369\n",
      " 2.37394375 2.96073302 2.76555651 1.77889276 2.48563275 2.1674049\n",
      " 2.47779235 1.54717058 3.08067241 3.58576709 1.71149347 1.87830375\n",
      " 2.72408722 1.94469173 2.63687991 2.60223864]\n",
      "[1.10500166 1.39105147 1.55618131 1.8710596  1.86971478 1.64177935\n",
      " 1.85283501 2.05889992 1.89772289 1.05941332 1.73173944 1.96257968\n",
      " 1.42049686 1.83729805 1.72700429 1.71959713 1.01468314 1.93609474\n",
      " 1.47135292 1.99584016 2.09736979 2.0148224  1.74779045 1.83297988\n",
      " 1.70802747 1.36592793 1.27954047 1.72763013 1.         1.71447223\n",
      " 1.38043885 1.73326043 1.30878271 1.7501828  1.24372043 1.58878321\n",
      " 1.96126207 1.51133942 1.83617756 1.28403271 1.26034083 1.77698816\n",
      " 1.23805551 1.9491993  1.07719352 1.38662325 1.7927755  1.95920089\n",
      " 1.24734153 1.3111429  1.90464112 1.58014358 1.96904632 1.77702975\n",
      " 1.70108984 1.69033332 1.87926793 1.22710771 1.33144978 2.00619486\n",
      " 1.54065552 1.47810704 1.83392381 1.33786003 1.81237731 2.21311164\n",
      " 1.91880897 1.39021896 1.19830388 1.42766841 1.36344699 1.64598845\n",
      " 1.51372164 1.58399852 1.23890524 1.67129937 1.46445703 1.83117835\n",
      " 1.19806785 1.15858018 1.89187676 1.87715673 1.5694198  1.69340678\n",
      " 1.64262921 1.92964557 1.52457877 1.21997866 1.81754164 1.4326668\n",
      " 1.80003317 2.04820733 1.50823246 1.47264147 1.15137719 1.96485476\n",
      " 1.57415471 1.66611858 1.62539447 1.91154033 1.61643171 1.15193721\n",
      " 1.96431906 1.55665401 1.78961601 1.96012727 1.50395061 1.74806147\n",
      " 1.60019865 1.85653384 1.77127221 1.34025438 1.64898928 1.50997346\n",
      " 1.64556426 1.23902801 1.9089286  2.12957602 1.31081143 1.38368144\n",
      " 1.75315661 1.41268261 1.71506065 1.69992783]\n",
      "[1.20908048 1.77866607 2.10747445 2.73446364 2.73178581 2.27791823\n",
      " 2.69817462 3.10849339 2.78755587 1.11830447 2.45704777 2.91669945\n",
      " 1.83729805 2.66723726 2.4476191  2.43286986 1.02923723 2.86396233\n",
      " 1.93856322 2.98292809 3.18509502 3.02072573 2.48900873 2.65863886\n",
      " 2.40983224 1.72863979 1.55662413 2.44886527 1.         2.42266511\n",
      " 1.7575341  2.46007639 1.6148516  2.49377239 1.48529884 2.17239173\n",
      " 2.9140758  2.01818479 2.66500612 1.56556912 1.51839357 2.54714754\n",
      " 1.4740188  2.89005629 1.1537086  1.76984856 2.57858346 2.90997155\n",
      " 1.49250922 1.61955123 2.80133153 2.15518839 2.92957588 2.54723035\n",
      " 2.39601794 2.37459945 2.75080815 1.45221942 1.65998652 3.00354648\n",
      " 2.07655933 1.9520121  2.66051844 1.67275067 2.61761481 3.4155615\n",
      " 2.82954273 1.77700837 1.3948649  1.85157812 1.72369972 2.28629944\n",
      " 2.02292829 2.16286439 1.47571078 2.33669883 1.92483205 2.65505164\n",
      " 1.39439493 1.31576664 2.77591499 2.74660431 2.13383509 2.38071935\n",
      " 2.27961048 2.85112069 2.04454712 1.43802397 2.62789806 1.86153098\n",
      " 2.593035   3.08720219 2.01199816 1.941129   1.30142396 2.92122962\n",
      " 2.14326329 2.32638279 2.24529247 2.81506932 2.22744573 1.30253907\n",
      " 2.92016292 2.1084157  2.57229224 2.91181619 2.00347211 2.48954839\n",
      " 2.19512228 2.70553977 2.53576587 1.67751834 2.29227473 2.01546486\n",
      " 2.28545478 1.47595526 2.80986882 3.24922443 1.6188912  1.76399079\n",
      " 2.49969388 1.82173825 2.42383678 2.39370414]\n",
      "[1.18153919 1.67609566 1.96159149 2.50599003 2.50366494 2.10958343\n",
      " 2.47448121 2.83075041 2.55208864 1.10272072 2.26511698 2.66422069\n",
      " 1.72700429 2.4476191  2.25693032 2.24412393 1.02538593 2.6184304\n",
      " 1.81493023 2.7217253  2.89726163 2.75454402 2.29286786 2.44015333\n",
      " 2.22412096 1.63265913 1.48330237 2.25801234 1.         2.23526341\n",
      " 1.65774732 2.26774666 1.53385978 2.29700403 1.42137246 2.01795749\n",
      " 2.66194264 1.88406358 2.44568186 1.49106908 1.45010777 2.34334829\n",
      " 1.4115783  2.64108711 1.13346121 1.66843964 2.37064329 2.65837902\n",
      " 1.42763305 1.53794035 2.56404969 2.00302028 2.67540096 2.34342019\n",
      " 2.21212636 2.19352924 2.52018155 1.39265046 1.57304927 2.73962772\n",
      " 1.9347487  1.82660755 2.44178532 1.58413205 2.4045332  3.09736973\n",
      " 2.58854475 1.67465632 1.34285101 1.73940331 1.6283698  2.11686062\n",
      " 1.88818224 2.00968515 1.4130474  2.16062111 1.80300781 2.43703864\n",
      " 1.34244294 1.27417203 2.54198117 2.51653146 1.98447975 2.19884299\n",
      " 2.11105277 2.60728033 1.90695331 1.38032491 2.41346189 1.74804512\n",
      " 2.38319119 2.81226381 1.8786919  1.81715803 1.26171865 2.66815411\n",
      " 1.99266602 2.15166396 2.08125533 2.57597787 2.06575946 1.26268687\n",
      " 2.66722792 1.96240876 2.36518079 2.65998067 1.87128894 2.29333644\n",
      " 2.03769384 2.48087618 2.33346588 1.58827169 2.12204881 1.88170194\n",
      " 2.11612722 1.41325967 2.5714624  2.95294355 1.53736726 1.66335349\n",
      " 2.30214551 1.71349412 2.23628074 2.21011735]\n",
      "[1.17968956 1.66920718 1.95179421 2.49064608 2.48834467 2.09827831\n",
      " 2.45945829 2.81209759 2.53627501 1.10167414 2.25222719 2.64726458\n",
      " 1.71959713 2.43286986 2.24412393 2.23144803 1.02512728 2.60194083\n",
      " 1.80662722 2.70418331 2.87793116 2.73666764 2.27969533 2.42548016\n",
      " 2.21164886 1.62621321 1.47837819 2.24519493 1.         2.22267778\n",
      " 1.65104578 2.25483008 1.52842049 2.28378935 1.41707926 2.00758591\n",
      " 2.64500974 1.8750562  2.43095236 1.48606576 1.44552179 2.32966143\n",
      " 1.40738488 2.62436671 1.13210143 1.66162916 2.35667833 2.64148243\n",
      " 1.42327606 1.53245948 2.54811419 1.99280089 2.65833094 2.3297326\n",
      " 2.19977647 2.18136883 2.504693   1.38864989 1.56721069 2.72190332\n",
      " 1.9252249  1.81818556 2.42709552 1.57818055 2.39022295 3.07600044\n",
      " 2.57235968 1.66778251 1.33935783 1.73186982 1.62196758 2.10548136\n",
      " 1.8791329  1.99939786 1.40883902 2.14879599 1.79482627 2.42239721\n",
      " 1.33895392 1.27137859 2.52627052 2.5010801  1.97444927 2.18662844\n",
      " 2.09973268 2.59090437 1.89771271 1.37644993 2.39906067 1.74042358\n",
      " 2.36909839 2.79379935 1.86973924 1.80883232 1.2590521  2.65115793\n",
      " 1.98255213 2.13993009 2.07023883 2.55992083 2.05490085 1.26001045\n",
      " 2.65024118 1.95260314 2.35127149 2.64306776 1.86241172 2.28015913\n",
      " 2.02712117 2.4657881  2.31987971 1.58227802 2.11061668 1.87271862\n",
      " 2.10475543 1.40904912 2.55545137 2.93304575 1.53189223 1.65659484\n",
      " 2.28887845 1.7062246  2.22368475 2.19778793]\n",
      "[1.00366651 1.01365495 1.01942104 1.03041613 1.03036917 1.02241\n",
      " 1.02977976 1.03697524 1.03134718 1.00207463 1.02555128 1.03361188\n",
      " 1.01468314 1.02923723 1.02538593 1.02512728 1.00051271 1.03268707\n",
      " 1.01645896 1.03477329 1.03831856 1.03543612 1.02611175 1.02908644\n",
      " 1.02472329 1.01277767 1.00976115 1.02540778 1.         1.02494833\n",
      " 1.01328437 1.02560439 1.01078224 1.02619529 1.00851036 1.02055945\n",
      " 1.03356587 1.01785523 1.0291981  1.00991801 1.00909072 1.0271313\n",
      " 1.00831255 1.03314466 1.00269549 1.01350032 1.02768257 1.0334939\n",
      " 1.00863681 1.01086466 1.03158875 1.02025777 1.03383769 1.02713275\n",
      " 1.02448104 1.02410543 1.03070276 1.00793027 1.01157374 1.03513486\n",
      " 1.0188789  1.0166948  1.02911941 1.01179758 1.02836703 1.04236009\n",
      " 1.03208347 1.01362588 1.00692448 1.01493356 1.01269104 1.02255698\n",
      " 1.01793841 1.02039238 1.00834222 1.0234408  1.01621816 1.02902354\n",
      " 1.00691624 1.00553739 1.03114304 1.03062904 1.01988331 1.02421276\n",
      " 1.02243968 1.03246187 1.01831753 1.00768133 1.02854736 1.01510809\n",
      " 1.02793599 1.03660187 1.01774674 1.01650395 1.00528587 1.03369132\n",
      " 1.02004865 1.02325989 1.02183786 1.03182966 1.0215249  1.00530543\n",
      " 1.03367262 1.01943755 1.02757224 1.03352625 1.01759722 1.02612122\n",
      " 1.02095806 1.02990891 1.0269317  1.01188119 1.02266176 1.01780753\n",
      " 1.02254216 1.00834651 1.03173846 1.03944315 1.01085308 1.0133976\n",
      " 1.02629913 1.01441028 1.02496888 1.02444046]\n",
      "[1.23375086 1.87054449 2.23815051 2.93912106 2.93612726 2.42870574\n",
      " 2.89855013 3.35728431 2.99847789 1.13226377 2.6289716  3.14285973\n",
      " 1.93609474 2.86396233 2.6184304  2.60194083 1.03268707 3.0838999\n",
      " 2.04930866 3.21690299 3.44292453 3.25916055 2.66470378 2.85434937\n",
      " 2.57618489 1.81461538 1.62230279 2.61982362 1.         2.59053197\n",
      " 1.84691907 2.63235759 1.68740079 2.67002954 1.54256151 2.31072767\n",
      " 3.1399265  2.13832514 2.86146793 1.63230325 1.57956124 2.72970266\n",
      " 1.52995048 3.11307281 1.17184539 1.86068656 2.76484786 3.13533797\n",
      " 1.55062267 1.69265496 3.013879   2.29149444 3.15725551 2.72979524\n",
      " 2.56074058 2.53679482 2.95739414 1.50557889 1.7378614  3.23995424\n",
      " 2.20358757 2.06434443 2.85645072 1.75213164 2.80848469 3.70058482\n",
      " 3.04541897 1.8686912  1.44145684 1.95205978 1.80909242 2.43807589\n",
      " 2.14362835 2.30007617 1.53184211 2.49442214 2.03395728 2.85033888\n",
      " 1.44093142 1.35302541 2.98546345 2.95269427 2.26762156 2.54363684\n",
      " 2.43059767 3.06954301 2.16779808 1.48970846 2.81998132 1.96318702\n",
      " 2.7810046  3.33348087 2.13140853 2.05217718 1.33699037 3.14792442\n",
      " 2.27816224 2.48288886 2.39223032 3.02923779 2.37227775 1.33823706\n",
      " 3.14673186 2.23920282 2.75781431 3.13740026 2.12187645 2.66530712\n",
      " 2.33614031 2.90678433 2.71697802 1.75746187 2.44475623 2.13528428\n",
      " 2.43713156 1.53211543 3.02342365 3.51462087 1.69191705 1.85413761\n",
      " 2.67664973 1.91869896 2.5918419  2.55815377]\n",
      "[1.11770086 1.43834633 1.62344743 1.97640799 1.97490052 1.71939794\n",
      " 1.95597926 2.18696624 2.00629601 1.06659894 1.82023806 2.07899677\n",
      " 1.47135292 1.93856322 1.81493023 1.80662722 1.01645896 2.04930866\n",
      " 1.52835967 2.11627986 2.23008877 2.13755786 1.83823032 1.9337228\n",
      " 1.7936583  1.41018428 1.31334888 1.81563176 1.         1.8008825\n",
      " 1.42645019 1.82194301 1.34612776 1.84091201 1.27319666 1.6599923\n",
      " 2.0775198  1.57318225 1.93730721 1.31838443 1.29182718 1.87095929\n",
      " 1.26684661 2.06399813 1.08652952 1.43338255 1.88865599 2.07520933\n",
      " 1.27725571 1.3487734  2.01405095 1.65030777 2.08624549 1.87100591\n",
      " 1.78588161 1.77382417 1.98560906 1.25457476 1.37153625 2.12788689\n",
      " 1.60604392 1.53593065 1.9347809  1.37872176 1.9106285  2.35982877\n",
      " 2.02993231 1.43741314 1.2222873  1.47939182 1.40740329 1.72411611\n",
      " 1.57585258 1.65462894 1.26779911 1.7524882  1.52062977 1.93170339\n",
      " 1.22202273 1.17775932 1.99974283 1.98324252 1.63828703 1.77726934\n",
      " 1.72035059 2.04207952 1.58802279 1.2465835  1.91641741 1.48499474\n",
      " 1.89679142 2.17498047 1.56969951 1.52980406 1.16968517 2.081547\n",
      " 1.64359459 1.74668083 1.70103143 2.02178458 1.69098469 1.17031292\n",
      " 2.08094651 1.62397731 1.88511438 2.07624776 1.56489981 1.83853412\n",
      " 1.67278836 1.96012544 1.86455203 1.3814057  1.72747986 1.57165107\n",
      " 1.72364061 1.26793673 2.01885698 2.26619011 1.34840183 1.43008495\n",
      " 1.84424548 1.46259361 1.80154209 1.78457907]\n",
      "[1.24866981 1.92610623 2.31717438 3.06288377 3.05969889 2.51989164\n",
      " 3.01972343 3.50773592 3.12602899 1.14070539 2.73293929 3.27962587\n",
      " 1.99584016 2.98292809 2.7217253  2.70418331 1.03477329 3.21690299\n",
      " 2.11627986 3.35839488 3.59884205 3.40334949 2.77095205 2.97270159\n",
      " 2.67678351 1.8666075  1.66202072 2.72320744 1.         2.69204628\n",
      " 1.90097294 2.73654138 1.73127355 2.77661771 1.57719002 2.39438372\n",
      " 3.27650543 2.21097775 2.98027449 1.67265945 1.61655123 2.84009942\n",
      " 1.56377411 3.24793783 1.18281327 1.91561913 2.87748772 3.27162404\n",
      " 1.58576568 1.73686305 3.14241307 2.37392294 3.29494045 2.84019791\n",
      " 2.66035348 2.63487941 3.08232311 1.53784703 1.78495476 3.38291736\n",
      " 2.28040549 2.13227528 2.97493707 1.80013579 2.92390964 3.87294728\n",
      " 3.17596605 1.92413465 1.46963244 2.01282416 1.86073203 2.52985983\n",
      " 2.21661943 2.38305239 1.56578647 2.58980232 2.09994869 2.96843513\n",
      " 1.46907348 1.37555695 3.11218392 3.07732327 2.34852639 2.64215811\n",
      " 2.52190431 3.20162978 2.24233177 1.52096367 2.93614003 2.02466159\n",
      " 2.89467566 3.48241324 2.20361969 2.11933147 1.35849849 3.28501382\n",
      " 2.35973983 2.57753294 2.4810882  3.15875211 2.45986218 1.35982474\n",
      " 3.28374514 2.31829386 2.87000527 3.27381796 2.19347923 2.77159389\n",
      " 2.42141829 3.02848317 2.82656264 1.80580621 2.53696653 2.2077428\n",
      " 2.52885523 1.56607723 3.15256689 3.67511435 1.73607805 1.9086522\n",
      " 2.78366043 1.97733412 2.69343981 2.65760157]\n",
      "[1.27402262 2.02052622 2.45146523 3.27320248 3.26969289 2.67485027\n",
      " 3.22564178 3.76340897 3.34278559 1.15505083 2.90961892 3.51204225\n",
      " 2.09736979 3.18509502 2.89726163 2.87793116 1.03831856 3.44292453\n",
      " 2.23008877 3.59884205 3.86380371 3.64837995 2.95150722 3.17382589\n",
      " 2.84773786 1.95496137 1.72951621 2.89889488 1.         2.86455672\n",
      " 1.9928305  2.91358827 1.80582962 2.95775053 1.6360367  2.53654635\n",
      " 3.50860367 2.33444145 3.18217087 1.7412396  1.67941093 3.02770443\n",
      " 1.62125299 3.4771235  1.20145177 2.00896992 3.06890461 3.5032246\n",
      " 1.64548668 1.811989   3.36084009 2.51399952 3.52891821 3.02781297\n",
      " 2.82963272 2.80156147 3.29462373 1.59268254 1.86498383 3.62586469\n",
      " 2.41094762 2.24771498 3.17628928 1.88171262 3.12005942 4.165855\n",
      " 3.39781392 2.01835363 1.51751322 2.11608537 1.94848688 2.68583475\n",
      " 2.34065833 2.52405975 1.62347051 2.75188861 2.21209257 3.16912445\n",
      " 1.51689727 1.41384639 3.32752896 3.28911414 2.4860137  2.80958226\n",
      " 2.67706815 3.42609417 2.36899214 1.57407786 3.13353675 2.12912967\n",
      " 3.08784493 3.73550455 2.32633321 2.23345149 1.39504875 3.51797952\n",
      " 2.49837038 2.73836832 2.63209067 3.37884496 2.60870058 1.39651022\n",
      " 3.51658149 2.45269884 3.06065929 3.5056422  2.3151589  2.95221451\n",
      " 2.5663372  3.23529461 3.01278752 1.88796117 2.69366601 2.33087669\n",
      " 2.68472773 1.62379092 3.37202913 3.94785225 1.81112396 2.00129269\n",
      " 2.96551128 2.07697698 2.86609233 2.82660024]\n",
      "[1.25340983 1.94375923 2.34228173 3.10220548 3.0989599  2.54886309\n",
      " 3.05822245 3.5555372  3.16655435 1.14338745 2.76597176 3.32307902\n",
      " 2.0148224  3.02072573 2.75454402 2.73666764 1.03543612 3.25916055\n",
      " 2.13755786 3.40334949 3.64837995 3.449161   2.8047091  3.0103043\n",
      " 2.70874557 1.88312636 1.67463985 2.75605441 1.         2.72429927\n",
      " 1.91814686 2.76964251 1.74521274 2.81048276 1.58819214 2.4209628\n",
      " 3.31989911 2.23406083 3.01802154 1.68548137 1.62830364 2.87517453\n",
      " 1.57452051 3.29078696 1.18629797 1.93307223 2.91327551 3.31492467\n",
      " 1.59693127 1.75090879 3.18325073 2.40011201 3.33868552 2.87527489\n",
      " 2.69200236 2.6660427  3.12201537 1.54809921 1.7999172  3.4283394\n",
      " 2.30481198 2.15385818 3.01258238 1.8153876  2.9605823  3.92771005\n",
      " 3.21744328 1.94175007 1.47858435 2.03213014 1.8771389  2.55902129\n",
      " 2.23981005 2.40941548 1.57657122 2.62010638 2.1209154  3.00595651\n",
      " 1.47801474 1.38271564 3.15244537 3.11692022 2.37423136 2.67346015\n",
      " 2.55091413 3.24359621 2.26601251 1.53089403 2.97304582 2.04419321\n",
      " 2.93079108 3.52973183 2.22656252 2.14066763 1.36533202 3.32856967\n",
      " 2.38565854 2.60760313 2.50932    3.19990122 2.48768938 1.36668355\n",
      " 3.32727681 2.34342255 2.90565042 3.3171604  2.21622876 2.80536318\n",
      " 2.44851269 3.06714916 2.86137971 1.82116611 2.56626346 2.23076422\n",
      " 2.55799754 1.57686752 3.1935981  3.72610611 1.75010882 1.9259725\n",
